{
  "asset": {
    "version": "2.0",
    "generator": "Open Asset Import Library (assimp v5.2.0)"
  },
  "extensionsUsed": [
    "KHR_materials_pbrSpecularGlossiness",
    "FB_ngon_encoding"
  ],
  "accessors": [
    {
      "bufferView": 0,
      "byteOffset": 0,
      "componentType": 5126,
      "count": 1122,
      "type": "VEC3",
      "max": [
        1.2560721635818481,
        8.681352615356445,
        2.837799072265625
      ],
      "min": [
        -1.2560721635818481,
        -4.779719352722168,
        -4.725370407104492
      ]
    },
    {
      "bufferView": 1,
      "byteOffset": 0,
      "componentType": 5126,
      "count": 1122,
      "type": "VEC3",
      "max": [
        1,
        0.9998754858970642,
        0.9879685640335083
      ],
      "min": [
        -1,
        -0.9972956776618958,
        -0.9994586110115051
      ]
    },
    {
      "bufferView": 2,
      "byteOffset": 0,
      "componentType": 5126,
      "count": 1122,
      "type": "VEC2",
      "max": [
        1,
        1
      ],
      "min": [
        0,
        0
      ]
    },
    {
      "bufferView": 3,
      "byteOffset": 0,
      "componentType": 5125,
      "count": 1698,
      "type": "SCALAR",
      "max": [
        1121
      ],
      "min": [
        0
      ]
    },
    {
      "bufferView": 4,
      "byteOffset": 0,
      "componentType": 5123,
      "count": 1122,
      "type": "VEC4",
      "max": [
        33,
        33,
        33,
        30
      ],
      "min": [
        0,
        0,
        0,
        0
      ]
    },
    {
      "bufferView": 5,
      "byteOffset": 0,
      "componentType": 5126,
      "count": 1122,
      "type": "VEC4",
      "max": [
        1.0145947933197021,
        0.9714029431343079,
        0.8694302439689636,
        0.7251636385917664
      ],
      "min": [
        0.0021633170545101166,
        0,
        0,
        0
      ]
    },
    {
      "bufferView": 6,
      "byteOffset": 0,
      "componentType": 5126,
      "count": 34,
      "type": "MAT4",
      "max": [
        0.1292368620634079,
        0.04167491942644119,
        0.11666275560855865,
        0,
        0.12210986018180847,
        0.12922975420951843,
        0.1291990578174591,
        0,
        0.04628276824951172,
        0.12277200073003769,
        0.1292274445295334,
        0,
        0.51456218957901,
        0.6019402146339417,
        0.874976396560669,
        1
      ],
      "min": [
        -0.1292368620634079,
        -0.04167493060231209,
        -0.11666277796030045,
        0,
        -0.12210985273122787,
        -0.12921401858329773,
        -0.10445625334978104,
        0,
        -0.04628276824951172,
        -0.12881620228290558,
        -0.12921172380447388,
        0,
        -0.5145621299743652,
        -0.9587277770042419,
        -0.7710369825363159,
        1
      ]
    }
  ],
  "buffers": [
    {
      "name": "dog",
      "byteLength": 71800,
      "uri": "dog.bin"
    }
  ],
  "bufferViews": [
    {
      "buffer": 0,
      "byteOffset": 0,
      "byteLength": 13464,
      "target": 34962,
      "byteStride": 12
    },
    {
      "buffer": 0,
      "byteOffset": 13464,
      "byteLength": 13464,
      "target": 34962,
      "byteStride": 12
    },
    {
      "buffer": 0,
      "byteOffset": 26928,
      "byteLength": 8976,
      "target": 34962,
      "byteStride": 8
    },
    {
      "buffer": 0,
      "byteOffset": 35904,
      "byteLength": 6792,
      "target": 34963
    },
    {
      "buffer": 0,
      "byteOffset": 42696,
      "byteLength": 8976,
      "byteStride": 8,
      "target": 34962
    },
    {
      "buffer": 0,
      "byteOffset": 51672,
      "byteLength": 17952,
      "byteStride": 16,
      "target": 34962
    },
    {
      "buffer": 0,
      "byteOffset": 69624,
      "byteLength": 2176
    }
  ],
  "materials": [
    {
      "name": "Material",
      "pbrMetallicRoughness": {
        "baseColorFactor": [
          0.800000011920929,
          0.800000011920929,
          0.800000011920929,
          1
        ],
        "metallicFactor": 0,
        "roughnessFactor": 0.3999999761581421
      },
      "extensions": {
        "KHR_materials_pbrSpecularGlossiness": {
          "diffuseFactor": [
            0.800000011920929,
            0.800000011920929,
            0.800000011920929,
            1
          ],
          "specularFactor": [
            0.800000011920929,
            0.800000011920929,
            0.800000011920929
          ],
          "glossinessFactor": 0.6000000238418579
        }
      },
      "emissiveFactor": [
        0,
        0,
        0
      ],
      "alphaMode": "OPAQUE",
      "doubleSided": false
    }
  ],
  "meshes": [
    {
      "name": "Cube",
      "primitives": [
        {
          "extensions": {
            "FB_ngon_encoding": {}
          },
          "mode": 4,
          "material": 0,
          "indices": 3,
          "attributes": {
            "POSITION": 0,
            "NORMAL": 1,
            "TEXCOORD_0": 2,
            "JOINTS_0": 4,
            "WEIGHTS_0": 5
          }
        }
      ]
    }
  ],
  "nodes": [
    {
      "name": "RootNode",
      "children": [
        1,
        2
      ]
    },
    {
      "name": "Cube",
      "matrix": [
        99.99998474121094,
        0,
        0,
        0,
        0,
        -0.000016292065993184224,
        -99.99998474121094,
        0,
        0,
        99.99998474121094,
        -0.000016292065993184224,
        0,
        0,
        0,
        0,
        1
      ],
      "mesh": 0,
      "skin": 0
    },
    {
      "name": "metarig",
      "matrix": [
        773.7730102539062,
        0,
        0,
        0,
        0,
        -0.0001260636345250532,
        -773.7730102539062,
        0,
        0,
        773.7730102539062,
        -0.0001260636345250532,
        0,
        0,
        -482.99102783203125,
        -190.72181701660156,
        1
      ],
      "children": [
        3
      ]
    },
    {
      "name": "spine.004",
      "matrix": [
        -1,
        3.8941436741879443e-7,
        0.0000013103116316415253,
        0,
        -2.6654811335902195e-7,
        -0.9957131743431091,
        0.09249470382928848,
        0,
        0.000001340713311037689,
        0.09249470382928848,
        0.9957131743431091,
        0,
        2.0980017723104538e-10,
        0.3595636188983917,
        0.6405095458030701,
        1
      ],
      "children": [
        4,
        8
      ]
    },
    {
      "name": "spine.003",
      "matrix": [
        -1,
        8.742277657347586e-8,
        0.0000014338839946503867,
        0,
        -1.257568840173917e-7,
        -0.999642014503479,
        -0.02675628289580345,
        0,
        0.0000014310315918919514,
        -0.02675628289580345,
        0.999642014503479,
        0,
        2.7841677407991483e-8,
        -0.018580693751573563,
        0.0209776870906353,
        1
      ],
      "children": [
        5
      ]
    },
    {
      "name": "spine.002",
      "matrix": [
        1,
        0,
        -1.1783082243255194e-7,
        0,
        2.020913925093737e-8,
        0.9851824045181274,
        0.1715097874403,
        0,
        1.1608485550596015e-7,
        -0.1715097874403,
        0.9851824045181274,
        0,
        7.517181931722579e-15,
        0.09058589488267899,
        -7.82310962677002e-8,
        1
      ],
      "children": [
        6
      ]
    },
    {
      "name": "spine.001",
      "matrix": [
        1,
        0,
        0,
        0,
        0,
        0.9990977048873901,
        -0.042470190674066544,
        0,
        0,
        0.042470190674066544,
        0.9990977048873901,
        0,
        -1.6792428179316504e-19,
        0.13562685251235962,
        3.725290298461914e-9,
        1
      ],
      "children": [
        7
      ]
    },
    {
      "name": "spine",
      "matrix": [
        1,
        0,
        0,
        0,
        0,
        0.9998806715011597,
        0.015448570251464844,
        0,
        0,
        -0.015448570251464844,
        0.9998806715011597,
        0,
        -8.106370003019671e-23,
        0.10633479803800583,
        -1.0244548320770264e-8,
        1
      ],
      "children": []
    },
    {
      "name": "spine.005",
      "matrix": [
        -1,
        4.658909258381527e-9,
        0.0000013430886838250444,
        0,
        -2.88046919649787e-7,
        0.9759818911552429,
        -0.21785154938697815,
        0,
        -0.00000131184526708239,
        -0.21785154938697815,
        -0.9759818911552429,
        0,
        4.767020111984266e-14,
        0.16753694415092468,
        5.587935447692871e-9,
        1
      ],
      "children": [
        9,
        27,
        28,
        29,
        33
      ]
    },
    {
      "name": "spine.006",
      "matrix": [
        -1,
        -3.719188512718574e-8,
        8.662515256219194e-7,
        0,
        -1.0972271979881043e-9,
        0.9991330504417419,
        0.04163041710853577,
        0,
        -8.670488114148611e-7,
        0.04163041710853577,
        -0.9991330504417419,
        0,
        4.499057850988579e-16,
        0.12238537520170212,
        2.9802322387695312e-8,
        1
      ],
      "children": [
        10
      ]
    },
    {
      "name": "spine.007",
      "matrix": [
        -1,
        3.8476375152640685e-7,
        8.662515256219194e-7,
        0,
        1.8603749651902035e-7,
        0.9758009314537048,
        -0.2186608910560608,
        0,
        -9.294218443756108e-7,
        -0.2186608910560608,
        -0.9758009314537048,
        0,
        -5.354847763664773e-14,
        0.10194223374128342,
        -4.190951585769653e-8,
        1
      ],
      "children": [
        11
      ]
    },
    {
      "name": "spine.008",
      "matrix": [
        1,
        -0.0000013484470855473774,
        -7.637524959136499e-7,
        0,
        8.293278597193421e-7,
        0.8819695711135864,
        -0.47130635380744934,
        0,
        0.0000013091381561025628,
        0.47130635380744934,
        0.8819695711135864,
        0,
        -6.324698116578695e-14,
        0.13813082873821259,
        -1.1175870895385742e-8,
        1
      ],
      "children": [
        12,
        15,
        20,
        25,
        26
      ]
    },
    {
      "name": "spine.009",
      "matrix": [
        1,
        1.6935612734414462e-7,
        0.000003028865194210084,
        0,
        0.0000020325092009443324,
        0.7037994265556335,
        -0.7103987336158752,
        0,
        -0.00000225202416004322,
        0.7103987336158752,
        0.7037994265556335,
        0,
        3.7850224998692283e-7,
        0.2904691994190216,
        -0.13229331374168396,
        1
      ],
      "children": [
        13
      ]
    },
    {
      "name": "spine.010",
      "matrix": [
        1,
        8.491441008118272e-7,
        -0.0000013896142263547517,
        0,
        1.4150788274491788e-7,
        0.8047637939453125,
        0.5935952067375183,
        0,
        0.0000016223590364461415,
        -0.5935952067375183,
        0.8047637939453125,
        0,
        2.0370139494456374e-14,
        0.08331841230392456,
        1.4901161193847656e-8,
        1
      ],
      "children": [
        14
      ]
    },
    {
      "name": "spine.011",
      "matrix": [
        1,
        5.339731501408096e-7,
        1.0336582079162326e-7,
        0,
        -5.339626341083203e-7,
        0.9277235269546509,
        0.3732680678367615,
        0,
        1.0342021994347306e-7,
        -0.3732680678367615,
        0.9277235269546509,
        0,
        -2.1739771441375844e-14,
        0.08216339349746704,
        -5.960464477539063e-8,
        1
      ],
      "children": []
    },
    {
      "name": "shoulder.L",
      "matrix": [
        0.9336313605308533,
        0.04510686546564102,
        -0.35538414120674133,
        0,
        0.32246682047843933,
        0.32628604769706726,
        0.8885676860809326,
        0,
        0.15603739023208618,
        -0.9441942572593689,
        0.29008540511131287,
        0,
        0.04278263822197914,
        0.09398327022790909,
        -0.08062250912189484,
        1
      ],
      "children": [
        16
      ]
    },
    {
      "name": "front_thigh.L",
      "matrix": [
        0.9745667576789856,
        0.22085346281528473,
        0.03799350932240486,
        0,
        -0.17765843868255615,
        0.6580871343612671,
        0.7316822409629822,
        0,
        0.13659150898456573,
        -0.7198230028152466,
        0.6805862784385681,
        0,
        -0.006614710204303265,
        0.153036966919899,
        0.023711929097771645,
        1
      ],
      "children": [
        17
      ]
    },
    {
      "name": "front_shin.L",
      "matrix": [
        0.9775563478469849,
        0.20950116217136383,
        0.02220115065574646,
        0,
        -0.1901995986700058,
        0.9229545593261719,
        -0.33463260531425476,
        0,
        -0.09059657156467438,
        0.32289958000183105,
        0.9420871734619141,
        0,
        -2.7939677238464355e-9,
        0.13641734421253204,
        -3.5710399970412254e-8,
        1
      ],
      "children": [
        18
      ]
    },
    {
      "name": "front_foot.L",
      "matrix": [
        0.9959905743598938,
        -0.08737366646528244,
        -0.019200211390852928,
        0,
        0.07396208494901657,
        0.9250059127807617,
        -0.37268444895744324,
        0,
        0.05032312124967575,
        0.3697701394557953,
        0.9277594685554504,
        0,
        -1.0710209608078003e-8,
        0.2726622223854065,
        -2.1886080503463745e-8,
        1
      ],
      "children": [
        19
      ]
    },
    {
      "name": "front_toe.L",
      "matrix": [
        -0.9987381100654602,
        -0.050184354186058044,
        -0.0019344397587701678,
        0,
        -0.03412286564707756,
        0.7063463926315308,
        -0.707043468952179,
        0,
        0.03684890270233154,
        -0.706085205078125,
        -0.7071675062179565,
        0,
        -1.7462298274040222e-8,
        0.07433640211820602,
        4.249159246683121e-9,
        1
      ],
      "children": []
    },
    {
      "name": "shoulder.R",
      "matrix": [
        0.9336293339729309,
        -0.04510682448744774,
        0.3553895354270935,
        0,
        -0.3224719762802124,
        0.3262859880924225,
        0.8885658979415894,
        0,
        -0.1560390144586563,
        -0.9441942572593689,
        0.29008448123931885,
        0,
        -0.04278217628598213,
        0.09398327022790909,
        -0.08062275499105453,
        1
      ],
      "children": [
        21
      ]
    },
    {
      "name": "front_thigh.R",
      "matrix": [
        0.9745667576789856,
        -0.22085344791412354,
        -0.037993431091308594,
        0,
        0.17765837907791138,
        0.6580871939659119,
        0.7316821813583374,
        0,
        -0.13659153878688812,
        -0.7198229432106018,
        0.6805863380432129,
        0,
        0.006614680401980877,
        0.15303684771060944,
        0.023711971938610077,
        1
      ],
      "children": [
        22
      ]
    },
    {
      "name": "front_shin.R",
      "matrix": [
        0.9775563478469849,
        -0.20950117707252502,
        -0.02220117673277855,
        0,
        0.1901995986700058,
        0.9229545593261719,
        -0.33463266491889954,
        0,
        0.09059660881757736,
        0.32289960980415344,
        0.9420871138572693,
        0,
        -1.5832483768463135e-8,
        0.13641732931137085,
        -6.28642737865448e-9,
        1
      ],
      "children": [
        23
      ]
    },
    {
      "name": "front_foot.R",
      "matrix": [
        0.9959905743598938,
        0.08737365156412125,
        0.019200222566723824,
        0,
        -0.07396206259727478,
        0.9250059127807617,
        -0.3726844787597656,
        0,
        -0.05032312497496605,
        0.3697701692581177,
        0.9277594685554504,
        0,
        6.984919309616089e-9,
        0.2726622223854065,
        9.313225746154785e-10,
        1
      ],
      "children": [
        24
      ]
    },
    {
      "name": "front_toe.R",
      "matrix": [
        -0.9987381100654602,
        0.050184350460767746,
        0.0019344397587701678,
        0,
        0.03412286937236786,
        0.7063465118408203,
        -0.7070432901382446,
        0,
        -0.03684889152646065,
        -0.7060850262641907,
        -0.7071676254272461,
        0,
        3.725290298461914e-9,
        0.07433639466762543,
        9.10949893295765e-9,
        1
      ],
      "children": []
    },
    {
      "name": "breast.L",
      "matrix": [
        1,
        -4.587305202363723e-9,
        0.0000028556810320878867,
        0,
        -0.000002168772425648058,
        0.6493356823921204,
        0.7605019211769104,
        0,
        -0.0000018577843547973316,
        -0.7605019211769104,
        0.6493356823921204,
        0,
        0.024405870586633682,
        0.014822017401456833,
        0.07003804296255112,
        1
      ],
      "children": []
    },
    {
      "name": "breast.R",
      "matrix": [
        1,
        -4.587485502582922e-9,
        0.0000028556810320878867,
        0,
        -0.0000021687721982743824,
        0.6493356227874756,
        0.7605019807815552,
        0,
        -0.000001857784241110494,
        -0.7605019807815552,
        0.6493356227874756,
        0,
        -0.024406272917985916,
        0.014822013676166534,
        0.07003796100616455,
        1
      ],
      "children": []
    },
    {
      "name": "pelvis.L",
      "matrix": [
        -0.3253055214881897,
        0.9420322179794312,
        -0.08216792345046997,
        0,
        0.2816024422645569,
        0.01355794072151184,
        -0.9594354033470154,
        0,
        -0.9027050137519836,
        -0.33524832129478455,
        -0.26968905329704285,
        0,
        0.005189266987144947,
        -0.08799345046281815,
        0.16762733459472656,
        1
      ],
      "children": []
    },
    {
      "name": "pelvis.R",
      "matrix": [
        -0.3253055214881897,
        -0.9420322179794312,
        0.08216780424118042,
        0,
        -0.2816021740436554,
        0.013557977974414825,
        -0.9594354629516602,
        0,
        0.9027050733566284,
        -0.33524826169013977,
        -0.26968881487846375,
        0,
        -0.005189276300370693,
        -0.08799345046281815,
        0.16762733459472656,
        1
      ],
      "children": []
    },
    {
      "name": "thigh.L",
      "matrix": [
        0.9909036159515381,
        -0.020266611129045486,
        -0.1330384463071823,
        0,
        0.13457326591014862,
        0.14922714233398438,
        0.9796026349067688,
        0,
        -2.7939677238464355e-7,
        -0.9885952472686768,
        0.15059706568717957,
        0,
        0.09428706765174866,
        -0.11542866379022598,
        0.08314014971256256,
        1
      ],
      "children": [
        30
      ]
    },
    {
      "name": "shin.L",
      "matrix": [
        0.9857994318008423,
        0.16536551713943481,
        0.029218491166830063,
        0,
        -0.11383534967899323,
        0.5301507115364075,
        0.8402271866798401,
        0,
        0.12345440685749054,
        -0.8316215872764587,
        0.5414467453956604,
        0,
        2.0954757928848267e-9,
        0.2087954580783844,
        1.2210691124892037e-8,
        1
      ],
      "children": [
        31
      ]
    },
    {
      "name": "foot.L",
      "matrix": [
        0.9953965544700623,
        0.01749391108751297,
        -0.09423253685235977,
        0,
        -0.08985397219657898,
        0.5124322772026062,
        -0.8540137410163879,
        0,
        0.033347755670547485,
        0.8585494160652161,
        0.5116451382637024,
        0,
        2.7939677238464355e-9,
        0.23062747716903687,
        -4.0279701352119446e-8,
        1
      ],
      "children": [
        32
      ]
    },
    {
      "name": "toe.L",
      "matrix": [
        -0.9927793145179749,
        0.11991670727729797,
        -0.003050711937248707,
        0,
        0.08082849532365799,
        0.6499471664428711,
        -0.7556688785552979,
        0,
        -0.08863452821969986,
        -0.7504590153694153,
        -0.6549467444419861,
        0,
        5.122274160385132e-9,
        0.16389934718608856,
        6.382470019161701e-8,
        1
      ],
      "children": []
    },
    {
      "name": "thigh.R",
      "matrix": [
        0.9909036159515381,
        0.0202665813267231,
        0.1330384910106659,
        0,
        -0.1345733106136322,
        0.14922715723514557,
        0.9796026349067688,
        0,
        2.421438694000244e-7,
        -0.9885952472686768,
        0.15059706568717957,
        0,
        -0.09428706765174866,
        -0.11542866379022598,
        0.08314014971256256,
        1
      ],
      "children": [
        34
      ]
    },
    {
      "name": "shin.R",
      "matrix": [
        0.9857994318008423,
        -0.16536551713943481,
        -0.02921850048005581,
        0,
        0.11383536458015442,
        0.5301507711410522,
        0.8402271866798401,
        0,
        -0.12345439195632935,
        -0.8316215872764587,
        0.5414468050003052,
        0,
        -4.889443516731262e-9,
        0.208795428276062,
        -1.4617697274843522e-8,
        1
      ],
      "children": [
        35
      ]
    },
    {
      "name": "foot.R",
      "matrix": [
        0.9953965544700623,
        -0.017493922263383865,
        0.09423253685235977,
        0,
        0.08985397219657898,
        0.512432336807251,
        -0.8540136814117432,
        0,
        -0.03334774821996689,
        0.8585493564605713,
        0.5116451978683472,
        0,
        7.450580596923828e-9,
        0.23062746226787567,
        -5.471520125865936e-8,
        1
      ],
      "children": [
        36
      ]
    },
    {
      "name": "toe.R",
      "matrix": [
        -0.9927793145179749,
        -0.11991670727729797,
        0.003050711937248707,
        0,
        -0.08082849532365799,
        0.6499471664428711,
        -0.7556688785552979,
        0,
        0.08863452821969986,
        -0.7504590153694153,
        -0.6549467444419861,
        0,
        -6.984919309616089e-9,
        0.16389934718608856,
        6.402842700481415e-8,
        1
      ],
      "children": []
    }
  ],
  "scenes": [
    {
      "nodes": [
        0
      ]
    }
  ],
  "skins": [
    {
      "name": "skin",
      "joints": [
        3,
        4,
        5,
        6,
        7,
        8,
        9,
        10,
        11,
        12,
        13,
        14,
        15,
        16,
        17,
        18,
        19,
        20,
        21,
        22,
        23,
        24,
        25,
        26,
        27,
        28,
        29,
        30,
        31,
        32,
        33,
        34,
        35,
        36
      ],
      "inverseBindMatrices": 6
    }
  ],
  "scene": 0
}
